10-18-2017,Taj Gibson,MIN,27,3,11,0,2,0,0,6,2,2,4,3,2,1,0,3
10-18-2017,Karl-Anthony Towns,MIN,35,8,15,0,1,2,2,18,2,11,13,1,2,2,1,4
10-18-2017,Jimmy Butler,MIN,35,5,12,2,3,0,0,12,0,4,4,3,3,1,0,3
10-18-2017,Jeff Teague,MIN,25,3,6,1,2,4,5,11,0,2,2,6,1,1,1,1
10-18-2017,Gorgui Dieng,MIN,14,1,5,0,1,0,0,2,3,1,4,2,2,1,0,1
10-18-2017,Shabazz Muhammad,MIN,14,1,6,0,1,0,0,2,1,1,2,0,0,0,1,2
10-18-2017,Jamal Crawford,MIN,24,3,5,0,1,4,4,10,1,2,3,5,2,0,1,1
10-18-2017,Tyus Jones,MIN,23,1,3,0,0,1,1,3,0,2,2,1,0,1,0,1
10-18-2017,Nemanja Bjelica,MIN,13,3,8,1,2,2,2,9,1,2,3,1,0,0,0,0
10-18-2017,Kyle Anderson,SAS,30,5,9,1,1,1,2,12,0,9,9,1,0,0,1,1
10-18-2017,LaMarcus Aldridge,SAS,39,9,21,1,2,6,7,25,5,5,10,4,3,0,2,2
10-18-2017,Pau Gasol,SAS,29,3,8,1,3,0,0,7,2,5,7,4,1,0,3,1
10-18-2017,Danny Green,SAS,33,7,16,3,7,0,0,17,0,4,4,2,2,2,2,2
10-18-2017,Dejounte Murray,SAS,25,7,8,0,0,2,2,16,2,3,5,2,2,2,1,4
10-18-2017,Patty Mills,SAS,22,1,4,1,2,0,0,3,0,2,2,2,1,2,1,3
10-18-2017,Manu Ginobili,SAS,21,2,7,1,4,4,4,9,0,3,3,4,1,1,1,2
10-18-2017,Rudy Gay,SAS,24,5,9,0,1,4,4,14,1,4,5,2,0,1,0,3
10-18-2017,Joffrey Lauvergne,SAS,13,2,6,0,0,0,0,4,2,1,3,1,1,0,0,0
10-18-2017,Davis Bertans,SAS,4,0,1,0,1,0,0,0,0,2,2,0,0,0,0,0
10-18-2017,Derrick White,SAS,0,0,0,0,0,0,0,0,0,0,0,0,0,0,0,0
10-18-2017,Brandon Paul,SAS,0,0,0,0,0,0,0,0,0,0,0,0,0,0,0,0
10-18-2017,Bryn Forbes,SAS,0,0,0,0,0,0,0,0,0,0,0,0,0,0,0,0
10-18-2017,Maurice Harkless,POR,26,3,9,0,1,2,2,8,3,2,5,2,2,0,1,3
10-18-2017,Al-Farouq Aminu,POR,28,2,4,1,2,0,0,5,3,9,12,2,1,0,1,1
10-18-2017,Jusuf Nurkic,POR,23,2,7,0,1,7,10,11,0,11,11,1,5,1,0,3
10-18-2017,Evan Turner,POR,25,4,8,1,1,3,4,12,1,3,4,3,2,1,1,2
10-18-2017,Damian Lillard,POR,30,10,20,4,6,3,3,27,3,2,5,5,0,1,3,1
10-18-2017,Pat Connaughton,POR,32,9,14,4,7,2,2,24,0,2,2,2,1,0,0,2
10-18-2017,Shabazz Napier,POR,23,4,6,2,2,0,0,10,0,3,3,3,1,2,0,2
10-18-2017,Caleb Swanigan,POR,18,3,7,1,1,1,1,8,1,3,4,3,2,1,0,2
10-18-2017,Ed Davis,POR,14,4,7,0,0,2,2,10,3,4,7,0,1,0,1,1
10-18-2017,Jake Layman,POR,12,1,4,1,2,0,0,3,0,0,0,1,0,2,0,2
10-18-2017,Meyers Leonard,POR,11,2,4,0,1,2,4,6,1,3,4,0,1,0,0,1
10-18-2017,TJ Warren,PHX,28,3,11,0,1,2,2,8,2,2,4,0,1,0,1,1
10-18-2017,Josh Jackson,PHX,32,4,10,1,2,2,4,11,0,2,2,1,0,0,0,1
10-18-2017,Tyson Chandler,PHX,23,1,3,0,0,2,4,4,1,2,3,0,2,1,1,4
10-18-2017,Devin Booker,PHX,27,6,17,0,3,0,0,12,2,3,5,2,0,2,1,2
10-18-2017,Eric Bledsoe,PHX,29,5,18,1,6,4,4,15,2,2,4,3,5,2,1,2
10-18-2017,Tyler Ulis,PHX,15,0,3,0,1,1,2,1,0,0,0,2,2,1,0,2
10-18-2017,Marquese Chriss,PHX,12,1,5,0,1,0,0,2,1,0,1,0,2,0,1,5
10-18-2017,Dragan Bender,PHX,21,0,5,0,3,2,2,2,1,6,7,0,2,1,1,1
10-18-2017,Troy Daniels,PHX,21,2,4,2,4,0,0,6,0,1,1,0,1,1,0,2
10-18-2017,Alec Peters,PHX,11,1,2,1,2,0,0,3,0,3,3,0,0,0,1,0
10-18-2017,Derrick Jones Jr.,PHX,11,0,1,0,1,0,0,0,0,1,1,1,0,0,1,1
10-18-2017,Mike James,PHX,11,5,10,2,3,0,0,12,1,1,2,1,1,1,0,1
10-18-2017,Trevor Ariza,HOU,32,0,6,0,5,2,2,2,0,2,2,2,0,0,0,1
10-18-2017,Ryan Anderson,HOU,26,2,7,2,7,4,4,10,1,4,5,0,0,0,0,1
10-18-2017,Clint Capela,HOU,28,10,12,0,0,2,2,22,5,12,17,1,2,3,1,2
10-18-2017,Eric Gordon,HOU,35,7,23,4,13,7,8,25,1,3,4,3,3,0,0,2
10-18-2017,James Harden,HOU,38,8,21,4,14,7,8,27,2,1,3,9,2,2,0,1
10-18-2017,Luc Mbah a Moute,HOU,24,1,4,0,2,2,2,4,0,4,4,0,1,0,0,0
10-18-2017,PJ Tucker,HOU,29,2,3,2,3,0,0,6,2,0,2,1,3,0,1,4
10-18-2017,Nene,HOU,18,3,5,0,0,3,3,9,1,3,4,1,1,1,0,2
10-18-2017,Demetrius Jackson,HOU,10,0,2,0,1,0,0,0,0,3,3,2,2,1,1,1
10-18-2017,Justin Jackson,SAC,19,2,5,1,0,0,0,5,1,1,2,0,0,0,0,1
10-18-2017,Skal Labissiere,SAC,33,5,9,0,0,2,2,12,0,10,10,1,5,0,0,1
10-18-2017,Willie Cauley-Stein,SAC,32,10,15,0,0,1,2,21,4,6,10,1,1,0,3,1
10-18-2017,Buddy Hield,SAC,33,8,17,3,7,0,0,19,1,4,5,4,2,1,0,5
10-18-2017,George Hill,SAC,33,6,11,1,2,3,4,16,1,2,3,3,4,0,0,3
10-18-2017,Garrett Temple,SAC,30,1,7,1,6,2,2,5,0,1,1,3,0,4,0,2
10-18-2017,De'Aaron Fox,SAC,24,7,15,0,2,0,0,14,2,2,4,5,3,0,0,2
10-18-2017,Kosta Koufos,SAC,18,1,4,0,0,0,0,2,0,6,6,0,1,0,1,3
10-18-2017,Vince Carter,SAC,14,2,3,2,3,0,0,6,0,1,1,2,1,0,0,1
